Identifier,First Name,Last Name,Username,Facilitator Group,Admin,Educator,Email,Password,Client
Tester1,Robert,DeNiro,deniro-test,ruchi_demo_group,,,arijit@ptotem.com,dialogue1,Indian School of Business
,,,,,,,,,
